{
 "cells": [
  {
   "cell_type": "code",
   "execution_count": 12,
   "metadata": {
    "collapsed": false
   },
   "outputs": [
    {
     "name": "stderr",
     "output_type": "stream",
     "text": [
      "Loading required package: pdc\n",
      "Loading required package: cluster\n"
     ]
    }
   ],
   "source": [
    "library('TSclust')"
   ]
  },
  {
   "cell_type": "code",
   "execution_count": 1,
   "metadata": {
    "collapsed": false
   },
   "outputs": [
    {
     "name": "stderr",
     "output_type": "stream",
     "text": [
      "\n",
      "Attaching package: 'zoo'\n",
      "\n",
      "The following objects are masked from 'package:base':\n",
      "\n",
      "    as.Date, as.Date.numeric\n",
      "\n",
      "Loading required package: timeDate\n",
      "This is forecast 7.1 \n",
      "\n"
     ]
    }
   ],
   "source": [
    "source(\"C:/Users/Tom Work/PycharmProjects/twipsy-lite/ts.R\")"
   ]
  },
  {
   "cell_type": "code",
   "execution_count": 6,
   "metadata": {
    "collapsed": false
   },
   "outputs": [
    {
     "name": "stdout",
     "output_type": "stream",
     "text": [
      " [1] 408 409 410 411 412 413 414 415 476 477 478 479 485 486 721 722 723 724 725\n",
      " [1] 408 409 410 411 412 413 414 415 476 477 478 479 485 486 721 722 723 724 725\n"
     ]
    }
   ],
   "source": [
    "sept_cas = ts(preprocessing('E:/summary/sept_casual.csv', 'E:/summary/sept_total.csv')$series[9:680], frequency=24)\n",
    "sept_tot = ts(preprocessing('E:/summary/sept_casual.csv', 'E:/summary/sept_total.csv')$total[9:680], frequency=24)"
   ]
  },
  {
   "cell_type": "code",
   "execution_count": 8,
   "metadata": {
    "collapsed": false
   },
   "outputs": [
    {
     "name": "stdout",
     "output_type": "stream",
     "text": [
      " [1]   2   3   4   5   6   7  26  27  28  29  30  31 721 722 723\n",
      " [1]   2   3   4   5   6   7  26  27  28  29  30  31 721 722 723\n"
     ]
    }
   ],
   "source": [
    "june_cas = ts(preprocessing('E:/summary/june_casual.csv', 'E:/summary/june_total.csv')$series[33:(672+32)], frequency=24)\n",
    "june_tot = ts(preprocessing('E:/summary/june_casual.csv', 'E:/summary/june_total.csv')$total[33:(672+32)], frequency=24)"
   ]
  },
  {
   "cell_type": "code",
   "execution_count": 9,
   "metadata": {
    "collapsed": true
   },
   "outputs": [],
   "source": [
    "sept_perc = sept_cas/sept_tot\n",
    "june_perc = june_cas/june_tot"
   ]
  },
  {
   "cell_type": "code",
   "execution_count": 16,
   "metadata": {
    "collapsed": false
   },
   "outputs": [],
   "source": [
    "sept_days = split_by_day(sept_perc)\n",
    "colnames(sept_days) = c(1:28)"
   ]
  },
  {
   "cell_type": "code",
   "execution_count": 20,
   "metadata": {
    "collapsed": false
   },
   "outputs": [],
   "source": [
    "daily_phase_dist <- function(freq){\n",
    "    # gives dft phase distance function at a frequency\n",
    "    return (function(ts1, ts2){\n",
    "        # phase of freq from fft\n",
    "        p1 = Arg(fft(ts1)[freq])\n",
    "        p2 = Arg(fft(ts2)[freq])\n",
    "        return (abs(p1-p2)/pi)\n",
    "        })\n",
    "    \n",
    "}"
   ]
  },
  {
   "cell_type": "code",
   "execution_count": 152,
   "metadata": {
    "collapsed": true
   },
   "outputs": [],
   "source": [
    "june_days = split_by_day(june_perc)\n",
    "colnames(june_days) = c(103:130)"
   ]
  },
  {
   "cell_type": "code",
   "execution_count": 21,
   "metadata": {
    "collapsed": false
   },
   "outputs": [],
   "source": [
    "dissimilarity <- function(m_ts, f){\n",
    "    # calc dissimilarity matrix of list of time series given a distance function\n",
    "    n = ncol(m_ts)\n",
    "    mdiss = matrix(nrow=n, ncol=n)\n",
    "    for (i in 1:n){\n",
    "        for (j in 1:n){\n",
    "            mdiss[i, j] = f(m_ts[,i], m_ts[,j])\n",
    "        }\n",
    "    }\n",
    "     return (mdiss)       \n",
    "}"
   ]
  },
  {
   "cell_type": "code",
   "execution_count": 22,
   "metadata": {
    "collapsed": false
   },
   "outputs": [],
   "source": [
    "day_diss = dissimilarity(as.matrix(sept_days[, 1:27]), daily_phase_dist(2))"
   ]
  },
  {
   "cell_type": "code",
   "execution_count": 27,
   "metadata": {
    "collapsed": false
   },
   "outputs": [
    {
     "data": {
      "text/html": [
       "<table>\n",
       "<tbody>\n",
       "\t<tr><td>0                  </td><td>0.0386053516816593 </td><td>0.0222488223229135 </td><td>0.0659595886209578 </td><td>0.142131331898707  </td><td>1.71739473238165   </td><td>1.54168289062367   </td><td>0.0503777022530836 </td><td>0.00556239634193465</td><td>0.0756676836280785 </td><td>...                </td><td>0.0341863639211539 </td><td>0.190536564299923  </td><td>1.71592849979596   </td><td>0.0700865120324671 </td><td>0.0279740233222263 </td><td>0.0411679816018677 </td><td>0.084240035588974  </td><td>0.0872534077072265 </td><td>1.72841936044061   </td><td>1.5134946543184    </td></tr>\n",
       "\t<tr><td>0.0386053516816593 </td><td>0                  </td><td>0.0608541740045729 </td><td>0.0273542369392985 </td><td>0.103525980217048  </td><td>1.75600008406331   </td><td>1.58028824230533   </td><td>0.0889830539347429 </td><td>0.0330429553397247 </td><td>0.0370623319464191 </td><td>...                </td><td>0.00441898776050541</td><td>0.151931212618263  </td><td>1.75453385147762   </td><td>0.108691863714126  </td><td>0.0106313283594331 </td><td>0.00256262992020842</td><td>0.0456346839073146 </td><td>0.0486480560255672 </td><td>1.76702471212227   </td><td>1.55210000600006   </td></tr>\n",
       "\t<tr><td>0.0222488223229135</td><td>0.0608541740045729</td><td>0                 </td><td>0.0882084109438713</td><td>0.16438015422162  </td><td>1.69514591005874  </td><td>1.51943406830076  </td><td>0.02812887993017  </td><td>0.0278112186648482</td><td>0.097916505950992 </td><td>...               </td><td>0.0564351862440674</td><td>0.212785386622836 </td><td>1.69367967747305  </td><td>0.0478376897095535</td><td>0.0502228456451398</td><td>0.0634168039247813</td><td>0.106488857911888 </td><td>0.10950223003014  </td><td>1.70617053811769  </td><td>1.49124583199549  </td></tr>\n",
       "\t<tr><td>0.0659595886209578 </td><td>0.0273542369392985 </td><td>0.0882084109438713 </td><td>0                  </td><td>0.0761717432777491 </td><td>1.78335432100261   </td><td>1.60764247924463   </td><td>0.116337290874041  </td><td>0.0603971922790231 </td><td>0.00970809500712069</td><td>...                </td><td>0.0317732246998039 </td><td>0.124576975678965  </td><td>1.78188808841692   </td><td>0.136046100653425  </td><td>0.0379855652987315 </td><td>0.02479160701909   </td><td>0.0182804469680162 </td><td>0.0212938190862687 </td><td>1.79437894906156   </td><td>1.57945424293936   </td></tr>\n",
       "\t<tr><td>0.142131331898707 </td><td>0.103525980217048 </td><td>0.16438015422162  </td><td>0.0761717432777491</td><td>0                 </td><td>1.85952606428036  </td><td>1.68381422252238  </td><td>0.19250903415179  </td><td>0.136568935556772 </td><td>0.0664636482706284</td><td>...               </td><td>0.107944967977553 </td><td>0.0484052324012159</td><td>1.85805983169467  </td><td>0.212217843931174 </td><td>0.114157308576481 </td><td>0.100963350296839 </td><td>0.0578912963097329</td><td>0.0548779241914803</td><td>1.87055069233931  </td><td>1.65562598621711  </td></tr>\n",
       "\t<tr><td>1.71739473238165   </td><td>1.75600008406331   </td><td>1.69514591005874   </td><td>1.78335432100261   </td><td>1.85952606428036   </td><td>0                  </td><td>0.175711841757982  </td><td>1.66701703012857   </td><td>1.72295712872359   </td><td>1.79306241600973   </td><td>...                </td><td>1.75158109630281   </td><td>1.90793129668158   </td><td>0.00146623258569375</td><td>1.64730822034919   </td><td>1.74536875570388   </td><td>1.75856271398352   </td><td>1.80163476797063   </td><td>1.80464814008888   </td><td>0.0110246280589527 </td><td>0.203900078063249  </td></tr>\n",
       "\t<tr><td>1.54168289062367  </td><td>1.58028824230533  </td><td>1.51943406830076  </td><td>1.60764247924463  </td><td>1.68381422252238  </td><td>0.175711841757982 </td><td>0                 </td><td>1.49130518837059  </td><td>1.54724528696561  </td><td>1.61735057425175  </td><td>...               </td><td>1.57586925454482  </td><td>1.73221945492359  </td><td>0.174245609172289 </td><td>1.4715963785912   </td><td>1.5696569139459   </td><td>1.58285087222554  </td><td>1.62592292621264  </td><td>1.6289362983309   </td><td>0.186736469816935 </td><td>0.0281882363052669</td></tr>\n",
       "\t<tr><td>0.0503777022530836</td><td>0.0889830539347429</td><td>0.02812887993017  </td><td>0.116337290874041 </td><td>0.19250903415179  </td><td>1.66701703012857  </td><td>1.49130518837059  </td><td>0                 </td><td>0.0559400985950182</td><td>0.126045385881162 </td><td>...               </td><td>0.0845640661742375</td><td>0.240914266553006 </td><td>1.66555079754288  </td><td>0.0197088097793835</td><td>0.0783517255753098</td><td>0.0915456838549513</td><td>0.134617737842058 </td><td>0.13763110996031  </td><td>1.67804165818752  </td><td>1.46311695206532  </td></tr>\n",
       "\t<tr><td>0.00556239634193465</td><td>0.0330429553397247 </td><td>0.0278112186648482 </td><td>0.0603971922790231 </td><td>0.136568935556772  </td><td>1.72295712872359   </td><td>1.54724528696561   </td><td>0.0559400985950182 </td><td>0                  </td><td>0.0701052872861438 </td><td>...                </td><td>0.0286239675792193 </td><td>0.184974167957988  </td><td>1.72149089613789   </td><td>0.0756489083744017 </td><td>0.0224116269802916 </td><td>0.0356055852599331 </td><td>0.0786776392470393 </td><td>0.0816910113652919 </td><td>1.73398175678254   </td><td>1.51905705066034   </td></tr>\n",
       "\t<tr><td>0.0756676836280785 </td><td>0.0370623319464191 </td><td>0.097916505950992  </td><td>0.00970809500712069</td><td>0.0664636482706284 </td><td>1.79306241600973   </td><td>1.61735057425175   </td><td>0.126045385881162  </td><td>0.0701052872861438 </td><td>0                  </td><td>...                </td><td>0.0414813197069246 </td><td>0.114868880671844  </td><td>1.79159618342404   </td><td>0.145754195660546  </td><td>0.0476936603058522 </td><td>0.0344997020262107 </td><td>0.0085723519608955 </td><td>0.011585724079148  </td><td>1.80408704406868   </td><td>1.58916233794648   </td></tr>\n",
       "\t<tr><td>0.0251342455098378 </td><td>0.0134711061718215 </td><td>0.0473830678327513 </td><td>0.04082534311112   </td><td>0.116997086388869  </td><td>1.74252897789149   </td><td>1.56681713613351   </td><td>0.0755119477629214 </td><td>0.0195718491679032 </td><td>0.0505334381182406 </td><td>...                </td><td>0.00905211841131609</td><td>0.165402318790085  </td><td>1.7410627453058    </td><td>0.0952207575423049 </td><td>0.00283977781238843</td><td>0.0160337360920299 </td><td>0.0591057900791362 </td><td>0.0621191621973887 </td><td>1.75355360595044   </td><td>1.53862889982824   </td></tr>\n",
       "\t<tr><td>0.227167355033625 </td><td>0.188562003351966 </td><td>0.249416177356539 </td><td>0.161207766412667 </td><td>0.0850360231349182</td><td>1.94456208741528  </td><td>1.7688502456573   </td><td>0.277545057286709 </td><td>0.22160495869169  </td><td>0.151499671405547 </td><td>...               </td><td>0.192980991112471 </td><td>0.0366307907337022</td><td>1.94309585482958  </td><td>0.297253867066092 </td><td>0.199193331711399 </td><td>0.185999373431757 </td><td>0.142927319444651 </td><td>0.139913947326399 </td><td>1.95558671547423  </td><td>1.74066200935203  </td></tr>\n",
       "\t<tr><td>1.68242179263649  </td><td>1.72102714431815  </td><td>1.66017297031357  </td><td>1.74838138125744  </td><td>1.82455312453519  </td><td>0.0349729397451675</td><td>0.140738902012815 </td><td>1.6320440903834   </td><td>1.68798418897842  </td><td>1.75808947626456  </td><td>...               </td><td>1.71660815655764  </td><td>1.87295835693641  </td><td>0.0335067071594738</td><td>1.61233528060402  </td><td>1.71039581595871  </td><td>1.72358977423835  </td><td>1.76666182822546  </td><td>1.76967520034371  </td><td>0.0459975678041202</td><td>0.168927138318082 </td></tr>\n",
       "\t<tr><td>0.00553341486653326</td><td>0.0441387665481926 </td><td>0.0167154074563803 </td><td>0.071493003487491  </td><td>0.14766474676524   </td><td>1.71186131751512   </td><td>1.53614947575714   </td><td>0.0448442873865503 </td><td>0.0110958112084679 </td><td>0.0812010984946117 </td><td>...                </td><td>0.0397197787876872 </td><td>0.196069979166456  </td><td>1.71039508492943   </td><td>0.0645530971659338 </td><td>0.0335074381887595 </td><td>0.046701396468401  </td><td>0.0897734504555072 </td><td>0.0927868225737598 </td><td>1.72288594557407   </td><td>1.50796123945187   </td></tr>\n",
       "\t<tr><td>0.0239031230751768 </td><td>0.0147022286064825 </td><td>0.0461519453980904 </td><td>0.042056465545781  </td><td>0.11822820882353   </td><td>1.74129785545683   </td><td>1.56558601369885   </td><td>0.0742808253282604 </td><td>0.0183407267332422 </td><td>0.0517645605529016 </td><td>...                </td><td>0.0102832408459771 </td><td>0.166633441224746  </td><td>1.73983162287114   </td><td>0.0939896351076439 </td><td>0.00407090024704943</td><td>0.0172648585266909 </td><td>0.0603369125137972 </td><td>0.0633502846320497 </td><td>1.75232248351578   </td><td>1.53739777739358   </td></tr>\n",
       "\t<tr><td>0.0583770108689174 </td><td>0.0969823625505767 </td><td>0.0361281885460039 </td><td>0.124336599489875  </td><td>0.200508342767624  </td><td>1.65901772151274   </td><td>1.48330587975475   </td><td>0.00799930861583382</td><td>0.063939407210852  </td><td>0.134044694496996  </td><td>...                </td><td>0.0925633747900713 </td><td>0.24891357516884   </td><td>1.65755148892704   </td><td>0.0117095011635497 </td><td>0.0863510341911436 </td><td>0.0995449924707851 </td><td>0.142617046457891  </td><td>0.145630418576144  </td><td>1.67004234957169   </td><td>1.45511764344949   </td></tr>\n",
       "\t<tr><td>0.0227658956988347  </td><td>0.061371247380494   </td><td>0.000517073375921123</td><td>0.0887254843197924  </td><td>0.164897227597541   </td><td>1.69462883668282    </td><td>1.51891699492484    </td><td>0.0276118065542489  </td><td>0.0283282920407693  </td><td>0.0984335793269131  </td><td>...                 </td><td>0.0569522596199886  </td><td>0.213302459998757   </td><td>1.69316260409712    </td><td>0.0473206163336324  </td><td>0.0507399190210609  </td><td>0.0639338773007024  </td><td>0.107005931287809   </td><td>0.110019303406061   </td><td>1.70565346474177    </td><td>1.49072875861957    </td></tr>\n",
       "\t<tr><td>0.0341863639211539 </td><td>0.00441898776050541</td><td>0.0564351862440674 </td><td>0.0317732246998039 </td><td>0.107944967977553  </td><td>1.75158109630281   </td><td>1.57586925454482   </td><td>0.0845640661742375 </td><td>0.0286239675792193 </td><td>0.0414813197069246 </td><td>...                </td><td>0                  </td><td>0.156350200378769  </td><td>1.75011486371711   </td><td>0.104272875953621  </td><td>0.00621234059892766</td><td>0.00698161768071383</td><td>0.0500536716678201 </td><td>0.0530670437860726 </td><td>1.76260572436176   </td><td>1.54768101823956   </td></tr>\n",
       "\t<tr><td>0.190536564299923 </td><td>0.151931212618263 </td><td>0.212785386622836 </td><td>0.124576975678965 </td><td>0.0484052324012159</td><td>1.90793129668158  </td><td>1.73221945492359  </td><td>0.240914266553006 </td><td>0.184974167957988 </td><td>0.114868880671844 </td><td>...               </td><td>0.156350200378769 </td><td>0                 </td><td>1.90646506409588  </td><td>0.26062307633239  </td><td>0.162562540977697 </td><td>0.149368582698055 </td><td>0.106296528710949 </td><td>0.103283156592696 </td><td>1.91895592474053  </td><td>1.70403121861833  </td></tr>\n",
       "\t<tr><td>1.71592849979596   </td><td>1.75453385147762   </td><td>1.69367967747305   </td><td>1.78188808841692   </td><td>1.85805983169467   </td><td>0.00146623258569375</td><td>0.174245609172289  </td><td>1.66555079754288   </td><td>1.72149089613789   </td><td>1.79159618342404   </td><td>...                </td><td>1.75011486371711   </td><td>1.90646506409588   </td><td>0                  </td><td>1.64584198776349   </td><td>1.74390252311819   </td><td>1.75709648139783   </td><td>1.80016853538493   </td><td>1.80318190750319   </td><td>0.0124908606446464 </td><td>0.202433845477556  </td></tr>\n",
       "\t<tr><td>0.0700865120324671</td><td>0.108691863714126 </td><td>0.0478376897095535</td><td>0.136046100653425 </td><td>0.212217843931174 </td><td>1.64730822034919  </td><td>1.4715963785912   </td><td>0.0197088097793835</td><td>0.0756489083744017</td><td>0.145754195660546 </td><td>...               </td><td>0.104272875953621 </td><td>0.26062307633239  </td><td>1.64584198776349  </td><td>0                 </td><td>0.0980605353546933</td><td>0.111254493634335 </td><td>0.154326547621441 </td><td>0.157339919739694 </td><td>1.65833284840814  </td><td>1.44340814228594  </td></tr>\n",
       "\t<tr><td>0.0279740233222263 </td><td>0.0106313283594331 </td><td>0.0502228456451398 </td><td>0.0379855652987315 </td><td>0.114157308576481  </td><td>1.74536875570388   </td><td>1.5696569139459    </td><td>0.0783517255753098 </td><td>0.0224116269802916 </td><td>0.0476936603058522 </td><td>...                </td><td>0.00621234059892766</td><td>0.162562540977697  </td><td>1.74390252311819   </td><td>0.0980605353546933 </td><td>0                  </td><td>0.0131939582796415 </td><td>0.0562660122667477 </td><td>0.0592793843850003 </td><td>1.75639338376283   </td><td>1.54146867764063   </td></tr>\n",
       "\t<tr><td>0.0411679816018677 </td><td>0.00256262992020842</td><td>0.0634168039247813 </td><td>0.02479160701909   </td><td>0.100963350296839  </td><td>1.75856271398352   </td><td>1.58285087222554   </td><td>0.0915456838549513 </td><td>0.0356055852599331 </td><td>0.0344997020262107 </td><td>...                </td><td>0.00698161768071383</td><td>0.149368582698055  </td><td>1.75709648139783   </td><td>0.111254493634335  </td><td>0.0131939582796415 </td><td>0                  </td><td>0.0430720539871062 </td><td>0.0460854261053588 </td><td>1.76958734204247   </td><td>1.55466263592027   </td></tr>\n",
       "\t<tr><td>0.084240035588974  </td><td>0.0456346839073146 </td><td>0.106488857911888  </td><td>0.0182804469680162 </td><td>0.0578912963097329 </td><td>1.80163476797063   </td><td>1.62592292621264   </td><td>0.134617737842058  </td><td>0.0786776392470393 </td><td>0.0085723519608955 </td><td>...                </td><td>0.0500536716678201 </td><td>0.106296528710949  </td><td>1.80016853538493   </td><td>0.154326547621441  </td><td>0.0562660122667477 </td><td>0.0430720539871062 </td><td>0                  </td><td>0.00301337211825254</td><td>1.81265939602958   </td><td>1.59773468990738   </td></tr>\n",
       "\t<tr><td>0.0872534077072265 </td><td>0.0486480560255672 </td><td>0.10950223003014   </td><td>0.0212938190862687 </td><td>0.0548779241914803 </td><td>1.80464814008888   </td><td>1.6289362983309    </td><td>0.13763110996031   </td><td>0.0816910113652919 </td><td>0.011585724079148  </td><td>...                </td><td>0.0530670437860726 </td><td>0.103283156592696  </td><td>1.80318190750319   </td><td>0.157339919739694  </td><td>0.0592793843850003 </td><td>0.0460854261053588 </td><td>0.00301337211825254</td><td>0                  </td><td>1.81567276814783   </td><td>1.60074806202563   </td></tr>\n",
       "\t<tr><td>1.72841936044061  </td><td>1.76702471212227  </td><td>1.70617053811769  </td><td>1.79437894906156  </td><td>1.87055069233931  </td><td>0.0110246280589527</td><td>0.186736469816935 </td><td>1.67804165818752  </td><td>1.73398175678254  </td><td>1.80408704406868  </td><td>...               </td><td>1.76260572436176  </td><td>1.91895592474053  </td><td>0.0124908606446464</td><td>1.65833284840814  </td><td>1.75639338376283  </td><td>1.76958734204247  </td><td>1.81265939602958  </td><td>1.81567276814783  </td><td>0                 </td><td>0.214924706122202 </td></tr>\n",
       "\t<tr><td>1.5134946543184   </td><td>1.55210000600006  </td><td>1.49124583199549  </td><td>1.57945424293936  </td><td>1.65562598621711  </td><td>0.203900078063249 </td><td>0.0281882363052669</td><td>1.46311695206532  </td><td>1.51905705066034  </td><td>1.58916233794648  </td><td>...               </td><td>1.54768101823956  </td><td>1.70403121861833  </td><td>0.202433845477556 </td><td>1.44340814228594  </td><td>1.54146867764063  </td><td>1.55466263592027  </td><td>1.59773468990738  </td><td>1.60074806202563  </td><td>0.214924706122202 </td><td>0                 </td></tr>\n",
       "</tbody>\n",
       "</table>\n"
      ],
      "text/latex": [
       "\\begin{tabular}{lllllllllllllllllllllllllll}\n",
       "\t 0                   & 0.0386053516816593  & 0.0222488223229135  & 0.0659595886209578  & 0.142131331898707   & 1.71739473238165    & 1.54168289062367    & 0.0503777022530836  & 0.00556239634193465 & 0.0756676836280785  & ...                 & 0.0341863639211539  & 0.190536564299923   & 1.71592849979596    & 0.0700865120324671  & 0.0279740233222263  & 0.0411679816018677  & 0.084240035588974   & 0.0872534077072265  & 1.72841936044061    & 1.5134946543184    \\\\\n",
       "\t 0.0386053516816593  & 0                   & 0.0608541740045729  & 0.0273542369392985  & 0.103525980217048   & 1.75600008406331    & 1.58028824230533    & 0.0889830539347429  & 0.0330429553397247  & 0.0370623319464191  & ...                 & 0.00441898776050541 & 0.151931212618263   & 1.75453385147762    & 0.108691863714126   & 0.0106313283594331  & 0.00256262992020842 & 0.0456346839073146  & 0.0486480560255672  & 1.76702471212227    & 1.55210000600006   \\\\\n",
       "\t 0.0222488223229135 & 0.0608541740045729 & 0                  & 0.0882084109438713 & 0.16438015422162   & 1.69514591005874   & 1.51943406830076   & 0.02812887993017   & 0.0278112186648482 & 0.097916505950992  & ...                & 0.0564351862440674 & 0.212785386622836  & 1.69367967747305   & 0.0478376897095535 & 0.0502228456451398 & 0.0634168039247813 & 0.106488857911888  & 0.10950223003014   & 1.70617053811769   & 1.49124583199549  \\\\\n",
       "\t 0.0659595886209578  & 0.0273542369392985  & 0.0882084109438713  & 0                   & 0.0761717432777491  & 1.78335432100261    & 1.60764247924463    & 0.116337290874041   & 0.0603971922790231  & 0.00970809500712069 & ...                 & 0.0317732246998039  & 0.124576975678965   & 1.78188808841692    & 0.136046100653425   & 0.0379855652987315  & 0.02479160701909    & 0.0182804469680162  & 0.0212938190862687  & 1.79437894906156    & 1.57945424293936   \\\\\n",
       "\t 0.142131331898707  & 0.103525980217048  & 0.16438015422162   & 0.0761717432777491 & 0                  & 1.85952606428036   & 1.68381422252238   & 0.19250903415179   & 0.136568935556772  & 0.0664636482706284 & ...                & 0.107944967977553  & 0.0484052324012159 & 1.85805983169467   & 0.212217843931174  & 0.114157308576481  & 0.100963350296839  & 0.0578912963097329 & 0.0548779241914803 & 1.87055069233931   & 1.65562598621711  \\\\\n",
       "\t 1.71739473238165    & 1.75600008406331    & 1.69514591005874    & 1.78335432100261    & 1.85952606428036    & 0                   & 0.175711841757982   & 1.66701703012857    & 1.72295712872359    & 1.79306241600973    & ...                 & 1.75158109630281    & 1.90793129668158    & 0.00146623258569375 & 1.64730822034919    & 1.74536875570388    & 1.75856271398352    & 1.80163476797063    & 1.80464814008888    & 0.0110246280589527  & 0.203900078063249  \\\\\n",
       "\t 1.54168289062367   & 1.58028824230533   & 1.51943406830076   & 1.60764247924463   & 1.68381422252238   & 0.175711841757982  & 0                  & 1.49130518837059   & 1.54724528696561   & 1.61735057425175   & ...                & 1.57586925454482   & 1.73221945492359   & 0.174245609172289  & 1.4715963785912    & 1.5696569139459    & 1.58285087222554   & 1.62592292621264   & 1.6289362983309    & 0.186736469816935  & 0.0281882363052669\\\\\n",
       "\t 0.0503777022530836 & 0.0889830539347429 & 0.02812887993017   & 0.116337290874041  & 0.19250903415179   & 1.66701703012857   & 1.49130518837059   & 0                  & 0.0559400985950182 & 0.126045385881162  & ...                & 0.0845640661742375 & 0.240914266553006  & 1.66555079754288   & 0.0197088097793835 & 0.0783517255753098 & 0.0915456838549513 & 0.134617737842058  & 0.13763110996031   & 1.67804165818752   & 1.46311695206532  \\\\\n",
       "\t 0.00556239634193465 & 0.0330429553397247  & 0.0278112186648482  & 0.0603971922790231  & 0.136568935556772   & 1.72295712872359    & 1.54724528696561    & 0.0559400985950182  & 0                   & 0.0701052872861438  & ...                 & 0.0286239675792193  & 0.184974167957988   & 1.72149089613789    & 0.0756489083744017  & 0.0224116269802916  & 0.0356055852599331  & 0.0786776392470393  & 0.0816910113652919  & 1.73398175678254    & 1.51905705066034   \\\\\n",
       "\t 0.0756676836280785  & 0.0370623319464191  & 0.097916505950992   & 0.00970809500712069 & 0.0664636482706284  & 1.79306241600973    & 1.61735057425175    & 0.126045385881162   & 0.0701052872861438  & 0                   & ...                 & 0.0414813197069246  & 0.114868880671844   & 1.79159618342404    & 0.145754195660546   & 0.0476936603058522  & 0.0344997020262107  & 0.0085723519608955  & 0.011585724079148   & 1.80408704406868    & 1.58916233794648   \\\\\n",
       "\t 0.0251342455098378  & 0.0134711061718215  & 0.0473830678327513  & 0.04082534311112    & 0.116997086388869   & 1.74252897789149    & 1.56681713613351    & 0.0755119477629214  & 0.0195718491679032  & 0.0505334381182406  & ...                 & 0.00905211841131609 & 0.165402318790085   & 1.7410627453058     & 0.0952207575423049  & 0.00283977781238843 & 0.0160337360920299  & 0.0591057900791362  & 0.0621191621973887  & 1.75355360595044    & 1.53862889982824   \\\\\n",
       "\t 0.227167355033625  & 0.188562003351966  & 0.249416177356539  & 0.161207766412667  & 0.0850360231349182 & 1.94456208741528   & 1.7688502456573    & 0.277545057286709  & 0.22160495869169   & 0.151499671405547  & ...                & 0.192980991112471  & 0.0366307907337022 & 1.94309585482958   & 0.297253867066092  & 0.199193331711399  & 0.185999373431757  & 0.142927319444651  & 0.139913947326399  & 1.95558671547423   & 1.74066200935203  \\\\\n",
       "\t 1.68242179263649   & 1.72102714431815   & 1.66017297031357   & 1.74838138125744   & 1.82455312453519   & 0.0349729397451675 & 0.140738902012815  & 1.6320440903834    & 1.68798418897842   & 1.75808947626456   & ...                & 1.71660815655764   & 1.87295835693641   & 0.0335067071594738 & 1.61233528060402   & 1.71039581595871   & 1.72358977423835   & 1.76666182822546   & 1.76967520034371   & 0.0459975678041202 & 0.168927138318082 \\\\\n",
       "\t 0.00553341486653326 & 0.0441387665481926  & 0.0167154074563803  & 0.071493003487491   & 0.14766474676524    & 1.71186131751512    & 1.53614947575714    & 0.0448442873865503  & 0.0110958112084679  & 0.0812010984946117  & ...                 & 0.0397197787876872  & 0.196069979166456   & 1.71039508492943    & 0.0645530971659338  & 0.0335074381887595  & 0.046701396468401   & 0.0897734504555072  & 0.0927868225737598  & 1.72288594557407    & 1.50796123945187   \\\\\n",
       "\t 0.0239031230751768  & 0.0147022286064825  & 0.0461519453980904  & 0.042056465545781   & 0.11822820882353    & 1.74129785545683    & 1.56558601369885    & 0.0742808253282604  & 0.0183407267332422  & 0.0517645605529016  & ...                 & 0.0102832408459771  & 0.166633441224746   & 1.73983162287114    & 0.0939896351076439  & 0.00407090024704943 & 0.0172648585266909  & 0.0603369125137972  & 0.0633502846320497  & 1.75232248351578    & 1.53739777739358   \\\\\n",
       "\t 0.0583770108689174  & 0.0969823625505767  & 0.0361281885460039  & 0.124336599489875   & 0.200508342767624   & 1.65901772151274    & 1.48330587975475    & 0.00799930861583382 & 0.063939407210852   & 0.134044694496996   & ...                 & 0.0925633747900713  & 0.24891357516884    & 1.65755148892704    & 0.0117095011635497  & 0.0863510341911436  & 0.0995449924707851  & 0.142617046457891   & 0.145630418576144   & 1.67004234957169    & 1.45511764344949   \\\\\n",
       "\t 0.0227658956988347   & 0.061371247380494    & 0.000517073375921123 & 0.0887254843197924   & 0.164897227597541    & 1.69462883668282     & 1.51891699492484     & 0.0276118065542489   & 0.0283282920407693   & 0.0984335793269131   & ...                  & 0.0569522596199886   & 0.213302459998757    & 1.69316260409712     & 0.0473206163336324   & 0.0507399190210609   & 0.0639338773007024   & 0.107005931287809    & 0.110019303406061    & 1.70565346474177     & 1.49072875861957    \\\\\n",
       "\t 0.0341863639211539  & 0.00441898776050541 & 0.0564351862440674  & 0.0317732246998039  & 0.107944967977553   & 1.75158109630281    & 1.57586925454482    & 0.0845640661742375  & 0.0286239675792193  & 0.0414813197069246  & ...                 & 0                   & 0.156350200378769   & 1.75011486371711    & 0.104272875953621   & 0.00621234059892766 & 0.00698161768071383 & 0.0500536716678201  & 0.0530670437860726  & 1.76260572436176    & 1.54768101823956   \\\\\n",
       "\t 0.190536564299923  & 0.151931212618263  & 0.212785386622836  & 0.124576975678965  & 0.0484052324012159 & 1.90793129668158   & 1.73221945492359   & 0.240914266553006  & 0.184974167957988  & 0.114868880671844  & ...                & 0.156350200378769  & 0                  & 1.90646506409588   & 0.26062307633239   & 0.162562540977697  & 0.149368582698055  & 0.106296528710949  & 0.103283156592696  & 1.91895592474053   & 1.70403121861833  \\\\\n",
       "\t 1.71592849979596    & 1.75453385147762    & 1.69367967747305    & 1.78188808841692    & 1.85805983169467    & 0.00146623258569375 & 0.174245609172289   & 1.66555079754288    & 1.72149089613789    & 1.79159618342404    & ...                 & 1.75011486371711    & 1.90646506409588    & 0                   & 1.64584198776349    & 1.74390252311819    & 1.75709648139783    & 1.80016853538493    & 1.80318190750319    & 0.0124908606446464  & 0.202433845477556  \\\\\n",
       "\t 0.0700865120324671 & 0.108691863714126  & 0.0478376897095535 & 0.136046100653425  & 0.212217843931174  & 1.64730822034919   & 1.4715963785912    & 0.0197088097793835 & 0.0756489083744017 & 0.145754195660546  & ...                & 0.104272875953621  & 0.26062307633239   & 1.64584198776349   & 0                  & 0.0980605353546933 & 0.111254493634335  & 0.154326547621441  & 0.157339919739694  & 1.65833284840814   & 1.44340814228594  \\\\\n",
       "\t 0.0279740233222263  & 0.0106313283594331  & 0.0502228456451398  & 0.0379855652987315  & 0.114157308576481   & 1.74536875570388    & 1.5696569139459     & 0.0783517255753098  & 0.0224116269802916  & 0.0476936603058522  & ...                 & 0.00621234059892766 & 0.162562540977697   & 1.74390252311819    & 0.0980605353546933  & 0                   & 0.0131939582796415  & 0.0562660122667477  & 0.0592793843850003  & 1.75639338376283    & 1.54146867764063   \\\\\n",
       "\t 0.0411679816018677  & 0.00256262992020842 & 0.0634168039247813  & 0.02479160701909    & 0.100963350296839   & 1.75856271398352    & 1.58285087222554    & 0.0915456838549513  & 0.0356055852599331  & 0.0344997020262107  & ...                 & 0.00698161768071383 & 0.149368582698055   & 1.75709648139783    & 0.111254493634335   & 0.0131939582796415  & 0                   & 0.0430720539871062  & 0.0460854261053588  & 1.76958734204247    & 1.55466263592027   \\\\\n",
       "\t 0.084240035588974   & 0.0456346839073146  & 0.106488857911888   & 0.0182804469680162  & 0.0578912963097329  & 1.80163476797063    & 1.62592292621264    & 0.134617737842058   & 0.0786776392470393  & 0.0085723519608955  & ...                 & 0.0500536716678201  & 0.106296528710949   & 1.80016853538493    & 0.154326547621441   & 0.0562660122667477  & 0.0430720539871062  & 0                   & 0.00301337211825254 & 1.81265939602958    & 1.59773468990738   \\\\\n",
       "\t 0.0872534077072265  & 0.0486480560255672  & 0.10950223003014    & 0.0212938190862687  & 0.0548779241914803  & 1.80464814008888    & 1.6289362983309     & 0.13763110996031    & 0.0816910113652919  & 0.011585724079148   & ...                 & 0.0530670437860726  & 0.103283156592696   & 1.80318190750319    & 0.157339919739694   & 0.0592793843850003  & 0.0460854261053588  & 0.00301337211825254 & 0                   & 1.81567276814783    & 1.60074806202563   \\\\\n",
       "\t 1.72841936044061   & 1.76702471212227   & 1.70617053811769   & 1.79437894906156   & 1.87055069233931   & 0.0110246280589527 & 0.186736469816935  & 1.67804165818752   & 1.73398175678254   & 1.80408704406868   & ...                & 1.76260572436176   & 1.91895592474053   & 0.0124908606446464 & 1.65833284840814   & 1.75639338376283   & 1.76958734204247   & 1.81265939602958   & 1.81567276814783   & 0                  & 0.214924706122202 \\\\\n",
       "\t 1.5134946543184    & 1.55210000600006   & 1.49124583199549   & 1.57945424293936   & 1.65562598621711   & 0.203900078063249  & 0.0281882363052669 & 1.46311695206532   & 1.51905705066034   & 1.58916233794648   & ...                & 1.54768101823956   & 1.70403121861833   & 0.202433845477556  & 1.44340814228594   & 1.54146867764063   & 1.55466263592027   & 1.59773468990738   & 1.60074806202563   & 0.214924706122202  & 0                 \\\\\n",
       "\\end{tabular}\n"
      ],
      "text/markdown": [
       "1. 0\n",
       "2. 0.0386053516816593\n",
       "3. 0.0222488223229135\n",
       "4. 0.0659595886209578\n",
       "5. 0.142131331898707\n",
       "6. 1.71739473238165\n",
       "7. 1.54168289062367\n",
       "8. 0.0503777022530836\n",
       "9. 0.00556239634193465\n",
       "10. 0.0756676836280785\n",
       "11. 0.0251342455098378\n",
       "12. 0.227167355033625\n",
       "13. 1.68242179263649\n",
       "14. 0.00553341486653326\n",
       "15. 0.0239031230751768\n",
       "16. 0.0583770108689174\n",
       "17. 0.0227658956988347\n",
       "18. 0.0341863639211539\n",
       "19. 0.190536564299923\n",
       "20. 1.71592849979596\n",
       "21. 0.0700865120324671\n",
       "22. 0.0279740233222263\n",
       "23. 0.0411679816018677\n",
       "24. 0.084240035588974\n",
       "25. 0.0872534077072265\n",
       "26. 1.72841936044061\n",
       "27. 1.5134946543184\n",
       "28. 0.0386053516816593\n",
       "29. 0\n",
       "30. 0.0608541740045729\n",
       "31. 0.0273542369392985\n",
       "32. 0.103525980217048\n",
       "33. 1.75600008406331\n",
       "34. 1.58028824230533\n",
       "35. 0.0889830539347429\n",
       "36. 0.0330429553397247\n",
       "37. 0.0370623319464191\n",
       "38. 0.0134711061718215\n",
       "39. 0.188562003351966\n",
       "40. 1.72102714431815\n",
       "41. 0.0441387665481926\n",
       "42. 0.0147022286064825\n",
       "43. 0.0969823625505767\n",
       "44. 0.061371247380494\n",
       "45. 0.00441898776050541\n",
       "46. 0.151931212618263\n",
       "47. 1.75453385147762\n",
       "48. 0.108691863714126\n",
       "49. 0.0106313283594331\n",
       "50. 0.00256262992020842\n",
       "51. 0.0456346839073146\n",
       "52. 0.0486480560255672\n",
       "53. 1.76702471212227\n",
       "54. 1.55210000600006\n",
       "55. 0.0222488223229135\n",
       "56. 0.0608541740045729\n",
       "57. 0\n",
       "58. 0.0882084109438713\n",
       "59. 0.16438015422162\n",
       "60. 1.69514591005874\n",
       "61. 1.51943406830076\n",
       "62. 0.02812887993017\n",
       "63. 0.0278112186648482\n",
       "64. 0.097916505950992\n",
       "65. 0.0473830678327513\n",
       "66. 0.249416177356539\n",
       "67. 1.66017297031357\n",
       "68. 0.0167154074563803\n",
       "69. 0.0461519453980904\n",
       "70. 0.0361281885460039\n",
       "71. 0.000517073375921123\n",
       "72. 0.0564351862440674\n",
       "73. 0.212785386622836\n",
       "74. 1.69367967747305\n",
       "75. 0.0478376897095535\n",
       "76. 0.0502228456451398\n",
       "77. 0.0634168039247813\n",
       "78. 0.106488857911888\n",
       "79. 0.10950223003014\n",
       "80. 1.70617053811769\n",
       "81. 1.49124583199549\n",
       "82. 0.0659595886209578\n",
       "83. 0.0273542369392985\n",
       "84. 0.0882084109438713\n",
       "85. 0\n",
       "86. 0.0761717432777491\n",
       "87. 1.78335432100261\n",
       "88. 1.60764247924463\n",
       "89. 0.116337290874041\n",
       "90. 0.0603971922790231\n",
       "91. 0.00970809500712069\n",
       "92. 0.04082534311112\n",
       "93. 0.161207766412667\n",
       "94. 1.74838138125744\n",
       "95. 0.071493003487491\n",
       "96. 0.042056465545781\n",
       "97. 0.124336599489875\n",
       "98. 0.0887254843197924\n",
       "99. 0.0317732246998039\n",
       "100. 0.124576975678965\n",
       "101. 1.78188808841692\n",
       "102. 0.136046100653425\n",
       "103. 0.0379855652987315\n",
       "104. 0.02479160701909\n",
       "105. 0.0182804469680162\n",
       "106. 0.0212938190862687\n",
       "107. 1.79437894906156\n",
       "108. 1.57945424293936\n",
       "109. 0.142131331898707\n",
       "110. 0.103525980217048\n",
       "111. 0.16438015422162\n",
       "112. 0.0761717432777491\n",
       "113. 0\n",
       "114. 1.85952606428036\n",
       "115. 1.68381422252238\n",
       "116. 0.19250903415179\n",
       "117. 0.136568935556772\n",
       "118. 0.0664636482706284\n",
       "119. 0.116997086388869\n",
       "120. 0.0850360231349182\n",
       "121. 1.82455312453519\n",
       "122. 0.14766474676524\n",
       "123. 0.11822820882353\n",
       "124. 0.200508342767624\n",
       "125. 0.164897227597541\n",
       "126. 0.107944967977553\n",
       "127. 0.0484052324012159\n",
       "128. 1.85805983169467\n",
       "129. 0.212217843931174\n",
       "130. 0.114157308576481\n",
       "131. 0.100963350296839\n",
       "132. 0.0578912963097329\n",
       "133. 0.0548779241914803\n",
       "134. 1.87055069233931\n",
       "135. 1.65562598621711\n",
       "136. 1.71739473238165\n",
       "137. 1.75600008406331\n",
       "138. 1.69514591005874\n",
       "139. 1.78335432100261\n",
       "140. 1.85952606428036\n",
       "141. 0\n",
       "142. 0.175711841757982\n",
       "143. 1.66701703012857\n",
       "144. 1.72295712872359\n",
       "145. 1.79306241600973\n",
       "146. 1.74252897789149\n",
       "147. 1.94456208741528\n",
       "148. 0.0349729397451675\n",
       "149. 1.71186131751512\n",
       "150. 1.74129785545683\n",
       "151. 1.65901772151274\n",
       "152. 1.69462883668282\n",
       "153. 1.75158109630281\n",
       "154. 1.90793129668158\n",
       "155. 0.00146623258569375\n",
       "156. 1.64730822034919\n",
       "157. 1.74536875570388\n",
       "158. 1.75856271398352\n",
       "159. 1.80163476797063\n",
       "160. 1.80464814008888\n",
       "161. 0.0110246280589527\n",
       "162. 0.203900078063249\n",
       "163. 1.54168289062367\n",
       "164. 1.58028824230533\n",
       "165. 1.51943406830076\n",
       "166. 1.60764247924463\n",
       "167. 1.68381422252238\n",
       "168. 0.175711841757982\n",
       "169. 0\n",
       "170. 1.49130518837059\n",
       "171. 1.54724528696561\n",
       "172. 1.61735057425175\n",
       "173. 1.56681713613351\n",
       "174. 1.7688502456573\n",
       "175. 0.140738902012815\n",
       "176. 1.53614947575714\n",
       "177. 1.56558601369885\n",
       "178. 1.48330587975475\n",
       "179. 1.51891699492484\n",
       "180. 1.57586925454482\n",
       "181. 1.73221945492359\n",
       "182. 0.174245609172289\n",
       "183. 1.4715963785912\n",
       "184. 1.5696569139459\n",
       "185. 1.58285087222554\n",
       "186. 1.62592292621264\n",
       "187. 1.6289362983309\n",
       "188. 0.186736469816935\n",
